LISTAS DE SALIDA DE LOS ALGORITMOS DE ORNAMIENTO


NUMERO DE ELEMENTOS DE LA LISTA: 10

4 9 0 5 8 1 6 3 7 2 


NUMERO DE ELEMENTOS DE LA LISTA: 100

48 98 38 60 30 85 76 96 95 87 53 19 91 25 18 7 71 66 82 90 67 61 41 70 28 52 36 72 33 22 77 63 40 2 92 23 0 89 79 54 56 15 21 86 10 4 42 44 49 32 51 24 8 31 93 14 45 37 59 57 35 47 78 68 17 65 1 27 46 84 3 12 58 75 55 97 50 34 29 80 62 26 73 99 13 5 20 9 81 83 39 88 69 64 94 43 16 74 11 6 


NUMERO DE ELEMENTOS DE LA LISTA: 1000

340 653 607 394 155 252 825 782 107 225 171 317 379 940 887 64 806 559 681 751 326 811 273 377 0 664 659 671 265 841 449 358 873 235 1 226 248 895 482 298 424 572 297 130 332 551 685 269 488 774 184 402 593 560 902 311 576 57 80 696 484 543 844 803 499 190 956 324 271 597 562 786 69 625 991 781 60 601 177 684 923 769 799 231 187 49 862 261 963 114 314 369 92 748 368 807 507 785 464 450 661 82 633 714 544 8 851 29 207 765 699 128 594 639 229 933 813 778 752 896 869 874 169 197 412 695 19 382 884 76 848 809 126 528 210 456 727 404 198 573 509 747 706 988 445 757 998 473 703 39 150 230 846 418 165 930 670 676 426 410 673 613 328 215 4 179 530 702 196 513 723 603 608 733 458 663 903 764 704 168 877 432 342 797 78 961 421 392 595 758 376 241 233 792 506 451 950 548 969 85 492 236 204 81 175 872 254 627 901 817 622 11 641 21 129 313 89 677 102 391 569 262 616 98 283 951 203 975 228 309 620 941 295 972 246 9 281 823 527 62 791 827 36 349 189 318 821 56 479 768 431 493 385 350 307 101 989 636 770 517 156 634 356 263 173 490 365 728 801 154 856 3 652 938 383 46 845 160 875 850 870 577 990 762 409 446 756 999 212 33 750 732 592 957 553 457 123 575 182 837 992 790 193 995 707 826 111 964 463 415 907 521 400 743 867 143 316 516 533 117 650 441 322 339 142 893 440 26 425 716 68 164 742 345 534 508 388 878 475 323 836 341 599 624 700 288 886 88 916 465 919 240 854 675 41 148 947 946 118 830 185 810 362 266 683 690 347 478 320 561 32 849 920 628 374 744 12 147 378 815 861 563 325 18 754 395 384 110 405 28 72 330 308 120 780 367 965 195 303 357 558 172 274 74 176 582 587 865 712 255 977 532 13 605 414 375 918 805 435 775 167 766 327 734 481 353 583 348 581 20 38 777 900 105 149 642 286 858 905 619 133 472 257 973 232 310 144 44 354 614 879 542 842 631 304 280 96 618 928 883 609 218 24 413 853 783 749 338 876 904 201 824 692 337 566 657 833 586 214 617 335 59 275 319 925 470 529 864 487 840 498 545 430 687 135 43 708 909 448 505 500 416 180 419 645 188 30 591 710 730 960 224 447 804 795 333 746 373 518 579 7 588 22 656 709 646 626 943 245 250 433 741 647 390 606 208 980 939 63 396 523 537 95 996 192 859 866 121 738 967 632 139 223 987 736 926 455 90 291 387 834 97 93 612 437 917 159 146 2 739 370 495 70 491 48 406 227 141 857 796 621 966 259 504 915 50 222 417 911 737 891 881 779 100 680 37 698 294 979 125 611 428 832 718 735 525 890 914 234 948 467 408 264 407 906 871 816 343 242 52 364 355 267 285 166 219 985 549 253 346 828 66 363 398 132 306 217 531 331 942 666 54 763 713 644 279 776 931 40 429 293 83 835 454 679 397 962 300 555 65 660 970 27 584 949 638 422 501 485 510 502 585 897 855 183 336 151 439 466 511 976 547 983 552 822 270 244 868 461 249 211 691 761 674 600 892 705 411 137 256 959 913 564 145 719 924 860 61 14 637 814 760 767 157 221 186 974 106 773 403 202 771 45 745 724 800 401 296 483 557 789 540 945 574 462 932 194 42 982 655 477 220 468 604 393 882 321 993 399 301 71 334 292 984 163 476 113 10 602 910 17 787 84 570 480 740 538 643 206 697 994 35 772 843 423 936 372 889 443 812 958 997 276 79 67 725 427 568 649 731 302 272 191 243 726 852 312 116 798 153 87 497 802 759 934 16 658 898 522 75 793 258 359 596 471 91 94 944 381 580 720 315 289 590 927 794 299 554 442 838 686 912 209 955 496 820 578 503 908 978 654 119 268 109 290 104 818 31 489 968 162 200 935 535 205 829 181 565 5 305 136 238 635 863 438 717 380 668 678 520 667 216 672 831 648 134 124 152 366 140 937 722 701 103 729 127 640 6 953 567 239 784 199 452 894 880 469 131 721 260 550 434 436 47 460 615 352 711 986 715 556 571 847 112 526 688 514 444 361 494 515 921 541 329 170 453 55 888 344 77 99 178 389 788 486 589 629 819 662 86 278 287 693 954 282 51 122 284 610 277 981 899 952 885 420 630 161 34 598 669 755 138 23 971 371 25 929 546 360 524 53 689 247 694 459 237 536 15 922 115 108 519 623 682 474 158 665 73 58 512 351 651 213 174 251 539 839 808 386 753 


NUMERO DE ELEMENTOS DE LA LISTA: 10000

5015 7650 9844 6432 1310 6086 2413 1978 193 4038 9827 3682 8434 9940 913 8458 555 1810 8311 5861 5332 1731 5693 3072 8678 4607 742 182 3369 9376 6080 2310 7930 6750 3444 3922 5148 1891 1749 1917 4747 280 2952 886 4784 6654 9281 981 283 9925 856 243 5685 8104 2081 1757 7869 7018 9412 8522 4265 1825 8978 1132 169 9506 4043 366 324 5449 2424 6556 8800 3195 2544 5877 6382 937 2915 4839 2580 1665 6212 4445 1661 2176 179 7155 447 495 2613 7231 2071 8664 9891 8964 8330 5404 2930 3586 3912 1341 1783 5884 996 7767 502 7089 4796 531 4135 4373 3200 1458 8373 1716 2570 2790 3529 4019 6920 1914 3770 2288 8455 5848 7220 2750 2149 2290 7462 504 7699 6619 2368 3787 8879 4436 3621 1588 2447 65 8317 6676 9597 4153 8875 1580 4704 8062 9037 7047 9303 2431 8773 6671 3293 6323 5496 7123 2995 5860 9593 9738 714 1820 110 2674 3893 4603 5143 8410 3718 3808 2521 4706 932 1049 1781 5225 9918 6171 6115 9742 9613 9117 3864 353 5188 9378 5556 2388 7770 1994 4939 1430 6959 706 5947 8116 6901 9735 6917 8032 5390 2089 6536 1342 821 2129 2596 7643 8000 1569 7570 439 9187 8782 7728 8428 4148 9154 1985 6844 5364 2394 6194 6111 558 7314 8548 1679 2389 1637 4894 8660 9163 2703 8265 478 5850 8282 2249 916 6461 3538 3851 6433 6758 9409 1553 7381 9871 2422 1694 8804 2085 768 7169 8941 2106 6745 8087 4007 3117 5653 729 833 2407 780 6696 3391 7395 1900 7526 6999 9836 4948 8946 1862 5206 8249 2272 6310 9464 8119 8812 9374 2718 6702 5062 7178 6120 4540 2403 7477 8355 3280 3370 7571 5363 7426 39 9184 6798 3843 6735 5001 3110 2051 9391 3191 8840 1478 457 424 7527 175 8077 6732 1159 4402 2103 9787 4270 998 9256 2874 4760 298 5560 5145 8158 3981 4677 8243 8288 9944 6308 9135 410 5048 7904 9254 6008 4028 642 6052 8633 4090 3219 4102 1513 8508 5674 388 4109 8538 479 3133 181 9208 9660 3804 568 5623 4314 199 7729 3221 176 4523 8648 9450 2324 375 6216 5477 4220 1976 922 7856 9308 7420 9290 385 2811 6427 2053 1911 9785 4823 6840 6326 3361 3207 6703 5957 5393 8992 4500 4567 9758 7339 5530 8613 6567 4013 2135 1746 6846 5138 9323 8901 3515 2066 538 7095 9631 488 5610 3234 4099 320 8325 7941 4945 3612 8977 45 5434 7256 1315 476 1991 2207 1792 8852 4789 8761 7293 9203 5014 1158 3923 3331 3874 2749 770 9171 3237 8774 3609 7035 3875 6957 6004 9274 7974 9932 3067 6450 1108 208 6783 2664 9056 3005 7890 4255 2122 1685 1670 473 5277 7214 6618 6542 8154 1981 7228 5482 2211 5805 3645 2439 5274 5871 2786 3964 9025 3071 4056 5443 8409 5115 4615 2354 9172 6436 7473 5057 4918 5222 1567 5022 9230 4359 6550 5645 4903 5063 0 7349 5821 7726 8437 1790 6349 7696 2867 8187 7668 988 6064 1261 9122 579 4943 3729 8676 1855 669 183 4533 97 6949 1228 9821 6611 7828 334 9287 4190 3628 9655 5707 4780 4451 8769 3544 2684 596 4468 7697 4385 3048 4273 4023 2998 793 4499 9307 9390 8651 3889 4271 6465 3289 3775 9708 4764 9060 5343 598 8121 6284 7348 9936 4774 4745 940 1154 1090 2397 9451 4732 9261 5795 1490 5570 2807 4670 2732 4811 6826 7777 6106 5969 3661 8482 8354 9926 9638 6476 8685 1143 1313 2612 9806 9297 7145 3475 1676 6012 5710 8729 7617 9434 6252 6685 9698 2730 8650 4687 5692 8239 5541 7528 7689 4511 2653 7786 8568 4111 9073 8107 6589 7055 1367 5027 6684 6062 6624 1597 5819 2381 4899 4593 5045 6095 4976 7 205 5341 7065 7154 4662 4486 795 2136 5087 8134 1463 2226 350 4058 3001 5315 4234 7048 917 6411 492 256 5020 1657 6272 8708 4274 3077 8466 57 446 1088 9349 1418 3613 5605 5882 4123 5000 38 1429 9913 2062 711 9907 652 6587 6775 3430 8926 4775 8911 3601 9226 7146 1434 7508 41 3406 5275 6705 7186 2437 3680 5146 7460 74 1017 6277 6112 1137 7230 2166 4642 5119 9892 7620 6010 548 8145 4141 9568 4476 8878 6422 7427 1970 7425 44 6881 6792 7183 209 6392 557 3853 1934 2738 3224 325 6018 6071 1431 7667 4734 6149 4115 957 5412 1572 6268 9673 7091 7987 8927 9689 5938 7672 3405 8899 2623 2256 8603 2007 1735 975 1833 5272 5859 8525 8476 4626 5323 4119 43 3543 4238 3317 5417 4999 1519 1701 9192 2696 3814 9352 3908 8981 4522 4012 6756 9924 5994 7109 3578 3594 5698 1120 426 8945 1484 4966 2980 196 8276 3146 3610 1207 4024 2946 4277 1318 6584 6526 5428 4466 4610 9554 4987 9494 455 9462 2475 8721 7292 5381 4563 1037 3047 2436 4718 1942 6163 2564 7020 3888 2565 5872 9625 8283 4846 5820 7709 276 2542 1060 9750 3398 3579 3658 5370 9763 6669 1547 7261 2015 6 5528 804 5055 5660 1536 5110 408 3150 734 5740 4448 1359 9282 8695 9874 437 6236 1920 3850 1919 3139 1538 5244 9312 4042 1944 115 897 1171 8749 9313 4117 1337 6142 3652 2849 1947 1941 9241 8877 6724 6924 7910 4853 9017 6852 3541 6223 2689 7022 7501 9958 4401 1847 5200 5690 8172 3231 2374 6527 2675 7840 5153 2530 6021 3241 4325 3023 8836 6720 8303 5826 3474 1012 4970 5325 6944 3272 226 7539 2491 1711 9886 5846 2813 8943 5201 2985 1265 9466 3502 1319 7939 5019 8067 7955 6014 2945 9985 3754 1720 4726 1426 1121 9881 5415 9076 6487 8343 9902 3898 7658 2098 3441 3883 7090 2850 1204 8533 1186 171 7756 8193 8874 8319 7819 5858 7674 5163 7521 7410 1357 1234 7625 9800 2804 7444 8913 8024 1476 6228 6404 818 8764 5376 9783 1054 1466 1692 7483 7586 9786 8619 7704 8001 6800 5515 5633 3980 2844 8214 149 7567 581 578 9422 3433 7993 697 9608 9104 3263 4088 9119 5165 8422 2146 9556 684 98 796 3162 9147 9542 7601 6032 8248 8096 3212 4025 8821 3136 2144 1747 8074 7459 499 7804 8279 8058 7810 3395 6549 6548 1192 3710 1076 5672 5227 3693 1314 6842 2892 2317 4502 6108 3646 695 4954 156 9759 7243 5677 8616 8864 8467 384 3006 9581 6358 7405 3079 1533 8212 1988 4330 7511 4430 7215 8622 3697 4896 6694 6932 1230 8090 720 1117 5526 657 8471 5731 9273 778 6350 670 4495 8519 5681 2739 3478 7315 638 9393 3305 6609 6680 6292 3608 2314 9470 3767 1724 3124 3033 7932 6138 4940 5667 4749 4683 1686 1333 9532 5717 2285 8756 300 3700 9322 4341 2321 1348 197 2594 8885 6973 2702 7250 5789 1482 198 2701 9547 3815 4714 6757 6875 3895 6865 2353 8108 3374 7730 2096 7161 3993 5281 7507 2935 2554 3138 7536 5561 1375 4776 8201 7664 9795 8995 3762 671 8916 266 8775 2884 5211 4594 7569 6046 132 346 9553 7992 2435 2977 7516 7092 1623 6274 4287 6677 5330 7237 6324 8295 7323 5668 1636 528 3055 464 4632 2233 6425 6185 5392 9146 1360 1239 6348 7083 5451 9838 4629 2770 3773 9524 2102 8922 8505 2761 4082 6796 6128 3408 8929 7272 1899 9008 7052 8722 9054 8686 1954 907 8991 639 102 7205 2008 935 8427 4060 7998 1604 8679 3173 2782 8278 5474 7063 5919 9295 3425 301 3094 2188 8544 1150 8109 8827 4263 8751 5980 7011 771 5563 4712 7341 4009 3106 6180 7143 7982 5263 3560 1586 8443 5246 3569 8593 762 1634 146 5996 3025 6143 599 5002 6458 7718 5289 1921 9773 6365 5868 2182 1671 1102 779 2078 3119 4986 3563 1494 9541 2460 9217 8270 1376 1782 7762 4912 1336 5389 4583 6919 1888 863 3492 8999 8612 3796 2159 4292 7560 6019 9623 2800 7577 7058 7066 1874 9769 979 5296 843 9314 9951 9659 440 9088 750 689 2513 3084 8442 4485 2470 4650 4505 6217 2177 4272 9072 4762 1109 7735 96 2223 6940 4047 7111 4740 8167 9885 1610 6495 4983 4695 328 7573 9510 3687 1387 4856 1089 1300 7540 7979 5159 5952 3464 7114 3631 2510 421 8963 896 4854 3840 1706 8063 7076 5567 4384 6858 1554 2331 6285 3045 8232 6565 8219 8535 7754 387 6082 2150 2652 2299 5671 6977 6529 2547 9861 3747 4526 6740 9039 5215 4458 9823 1704 9640 1126 2505 3999 4233 8360 9740 6577 9031 4371 6850 8161 4800 1368 2727 4973 3498 2417 3460 3064 506 2603 8233 2498 5507 5044 5662 6886 4470 3341 3177 3467 3073 6043 9765 2756 1518 135 1949 6339 4278 541 7550 956 6759 9383 5986 8659 628 8179 5945 7379 1091 6778 6384 4421 78 1464 8523 7430 5060 222 2868 2600 7142 1209 8100 9480 6848 5505 6749 7252 1952 2646 3547 442 1201 7100 1885 3128 3880 6229 6005 7281 1648 2882 6913 4916 2916 8329 7519 4618 5369 5133 947 5521 1301 4609 899 9567 3551 4261 5402 8192 2479 2421 9380 9550 6572 4211 6347 444 3698 9888 1548 8986 3393 9981 7368 9475 9679 4673 6743 3627 1864 3363 6100 5815 9161 2084 389 8866 7369 9629 2018 1540 8361 3884 3574 4444 7138 9180 4496 1146 1358 658 1068 6517 4980 3469 3971 6888 7676 3820 828 8822 2717 1877 89 5072 2009 9488 4202 9654 723 527 5298 2910 1216 3022 27 1471 1174 5923 733 7903 8475 6610 8028 1436 1331 1289 8839 5140 7469 8692 7297 9970 9205 6900 7871 7352 5416 5229 4773 5555 1306 6801 7851 1566 8572 8413 4665 1849 269 4198 8796 9945 4358 9149 1452 3916 3353 4146 4254 7750 5391 4708 7629 9503 2670 8189 7505 3525 2814 4924 4995 9423 221 2049 5199 4731 8178 974 5324 7867 8551 3941 672 1502 961 8818 9458 1698 6437 7641 6871 2265 1391 2620 8709 8359 9950 90 9775 5775 5855 7977 1870 667 1715 849 3111 7184 1672 8626 8655 3003 4921 6003 8559 7959 9402 1338 9106 2900 4783 9561 4807 7403 3099 5282 4669 6083 9028 377 6847 3984 4360 1116 4228 2737 1712 4984 9162 9344 5336 6867 1982 9459 6760 48 5892 7848 1707 791 529 249 6631 5303 6400 4297 6464 3714 1769 6318 1191 1893 2643 4657 5977 5939 5059 9251 7304 6570 5733 2920 5828 6658 3940 5712 3959 6646 3634 4369 8025 9229 8549 2802 8969 8735 4547 8225 4919 8791 2152 7608 3705 9712 952 4716 4578 607 2535 3622 7166 5183 4680 9869 9296 485 4346 8506 4605 9674 5835 3784 1879 2266 6634 6114 8275 570 1532 7273 9538 944 7027 1084 5058 994 5331 8970 9585 9023 6763 3695 6710 9489 2448 7874 9291 7937 4991 1620 6445 3974 9214 6553 9237 9611 9021 5144 673 3355 409 2052 5934 3509 7284 8884 5913 3324 7495 5436 3800 3906 2484 4110 1737 7124 9779 7518 6980 3070 9971 5447 9605 3726 5863 8133 3835 3792 6765 1576 9865 9591 1270 8925 5386 686 5840 6733 1443 664 7098 3452 2410 1329 1140 8076 373 9316 3619 3917 6159 6375 880 4027 9351 100 2890 4203 8132 3641 6220 7830 4408 2568 7132 8968 9517 2640 1092 6975 3636 2235 210 5683 5917 9919 1643 7669 7713 6336 9680 883 5922 8762 5732 9167 2247 7200 49 6230 878 7731 731 8696 7296 5616 9627 1295 5857 5317 3236 7317 1963 2627 9065 2097 9066 5831 8949 1250 3409 311 7921 3310 314 1928 9201 950 9375 6000 9984 5179 8245 5845 9799 8082 1480 5559 5218 7453 1456 5827 1086 5865 824 77 7295 5243 8227 2559 997 2648 1005 8 5689 1493 5898 3378 1931 5262 8596 3190 1077 8060 2253 4910 2095 4951 7033 6479 1705 5852 3344 8895 4863 7933 958 3649 2826 2344 5639 718 8197 4944 1381 9279 6707 857 6683 8657 8975 4699 4413 8314 63 6663 2047 2385 1627 9645 2651 7581 9595 3910 2366 2231 666 5763 680 8636 7989 4332 5979 1151 4692 7081 8820 7104 8297 7174 9418 5285 8296 4601 8140 8513 3826 543 2468 151 8350 9332 471 5096 1134 1687 2705 1984 2338 5297 6023 2543 1558 2552 7330 1103 5081 5172 837 8235 3349 8794 7411 8987 9560 8854 449 381 8788 2777 7306 2865 3493 7226 3550 4432 840 1890 7515 3211 546 7439 3764 1895 9725 9911 1224 7659 7390 8610 4397 5491 3564 8365 9578 5931 4017 876 6947 2496 4684 9015 2754 4244 4313 5251 9784 5419 8704 9292 2123 3735 1254 4709 9509 784 5901 559 7565 9148 708 7707 8139 4978 8567 9583 9849 9170 5061 2170 8289 5992 855 3561 7446 9736 8483 7853 261 7179 6764 9070 9991 9227 5409 5810 6313 822 1801 1305 2647 230 8051 9650 2658 5968 4888 7413 4283 7480 9794 5164 7760 271 6107 6862 2495 7222 2630 4801 2954 391 6362 5348 5214 7749 104 4681 2798 566 1824 651 7204 9087 5337 3689 8578 4351 1414 2473 7384 7009 6483 9239 5951 4876 1756 5084 9128 4179 8936 5532 1332 9872 3995 9692 4517 8905 8914 1642 9144 5870 7130 6397 1827 7078 9339 489 6721 2699 2904 7182 9034 7972 1882 1080 6246 624 6630 692 5157 7053 4630 9057 681 1010 4785 3158 6723 4900 22 914 4678 2284 5909 4671 1915 3122 8753 5944 8710 6936 4795 3879 9330 7513 6774 786 1055 2992 2076 4032 6480 6158 5481 5611 4702 5748 2061 7543 2974 637 1106 7164 76 7681 2145 9693 6353 7500 4989 6849 7751 9635 9363 6566 5026 7614 2348 4935 2817 3676 6193 1334 2860 8954 2891 2039 5308 6081 394 5382 5935 9373 8624 2455 2416 9079 1751 9097 933 2002 8785 6588 5467 8444 8615 4189 6475 7821 7408 4319 2408 4324 3976 6337 1762 5721 8730 6209 9683 9710 1660 7021 7275 2743 511 3235 6254 5589 4582 4786 4 3320 3496 632 5620 2198 2962 6682 9285 5586 6340 9176 6596 3741 6761 8421 6952 6964 3973 5118 3988 9533 8923 9677 3953 5824 71 5547 2482 5854 7136 4766 2852 1248 1445 6258 8472 7147 7212 8485 5239 6195 719 3297 7386 3730 9071 2140 9082 8713 9544 3965 8951 3303 679 2956 4690 1972 4715 3920 7952 6996 3123 3392 790 3086 3178 6093 6997 6369 3823 3765 487 7928 56 7041 3414 8989 602 3456 9435 8045 2465 3766 4457 2224 9564 2221 7470 2326 5597 4602 8526 6387 6197 9445 9387 2572 2481 5768 5525 4482 3928 7882 8890 1853 1439 6294 5162 7014 6878 5946 6442 9114 6650 4805 5991 8152 3811 5808 549 7199 2889 5149 2902 3400 4592 941 1122 7180 8122 1603 5249 5864 6045 7774 192 2816 9826 1892 2527 4350 5466 3504 2574 7343 2517 5151 435 4232 629 1798 5488 3955 7811 14 8046 749 8850 125 1727 4512 9922 2433 1748 7883 8395 6270 1316 5095 3296 474 8294 9764 5334 4372 3513 9063 5665 9598 6815 9931 9829 7235 2579 8570 5713 8547 4213 6178 3570 2392 2818 1389 753 2415 2264 7633 507 2404 4878 2584 3670 2467 567 1968 5682 4427 8408 7662 9809 6481 2607 3054 736 2598 9234 1516 1406 9634 7675 1699 4268 3471 2456 7301 7280 3278 9460 2789 2691 8430 351 4742 4933 5291 6304 2822 4323 9437 2707 5117 3565 9604 1902 806 2929 7491 9084 7682 3926 4464 6639 4039 7624 2301 8607 3273 8112 3975 5801 7618 339 4555 2512 7448 1280 7826 5051 1351 8669 8988 5661 575 8404 7206 9893 1688 5743 4997 6002 1709 3480 1644 653 1491 7287 2045 3380 627 1399 6428 2901 416 9713 8049 8200 1229 180 9535 7221 4361 260 1325 8760 4079 3753 9880 5472 1346 9474 1299 9446 7209 6879 4638 6222 8256 1832 1355 9866 9145 1440 429 7694 3780 2636 7234 3937 7440 1410 9928 8849 7482 1219 5829 3549 5018 6403 7259 6040 9571 3091 8717 6687 4606 6622 1875 7406 1266 9075 8727 4659 3010 7240 1863 5747 9498 1196 8481 2785 7654 5725 2206 9317 9897 1024 2409 2591 6307 2944 5366 5209 923 1587 2443 1655 5425 2393 3041 6157 5686 8780 9594 3404 5450 1609 5615 4595 2772 7787 6769 7579 545 8439 1292 1779 4574 2130 248 3261 4367 2883 9191 3602 2986 1176 1817 6383 9540 357 274 1961 9486 7159 327 2799 3137 6281 1551 6659 2812 2805 7449 1840 2277 4175 1834 3900 6311 5480 4453 1555 4050 5572 2801 6818 2907 7388 739 1626 2824 3334 87 6129 9702 8921 6884 9050 1743 2402 644 1732 2469 8902 3134 1379 5540 8044 7454 3807 250 4733 3779 4946 203 6462 6204 2906 8997 9228 5619 7431 2793 3031 4617 3949 8816 5941 2686 3376 5374 2423 7636 6190 8176 4952 1193 5368 4478 9152 2819 2360 8400 2767 7032 2238 2619 6978 4139 6726 1898 8026 8420 9964 8646 4765 1775 7553 4051 6315 1220 299 7623 4340 1615 5177 7456 4449 7655 8035 3557 5161 6047 2518 2590 9012 9990 985 3859 2913 4641 1007 2335 4835 5640 3050 5284 969 5235 3439 7563 166 8188 7888 5460 2063 1363 5704 9949 6237 3092 7723 1525 4836 6256 8635 7121 5631 4227 7940 392 2289 4404 7171 4802 9724 4974 8372 5728 525 7288 3383 3668 6898 1927 1403 8041 415 1133 2963 8681 3362 237 4890 9859 1940 5091 3824 1377 6993 4162 9728 726 5463 654 5193 1441 3379 1462 9011 976 7026 4003 7612 7489 9516 8038 8674 9222 8274 5208 1884 4077 4433 6430 6054 7761 919 7711 8023 5800 2773 486 2227 1613 1819 9276 3011 468 562 8581 3015 7016 4100 2722 7165 893 9527 540 3034 1524 5367 6154 215 8634 8323 5675 3453 9745 8136 4653 4758 5406 1973 6398 8731 9726 4158 326 3043 3481 5170 7260 3684 5600 9626 8376 4022 6373 7678 1075 7551 6132 2629 2681 8747 7743 5817 2028 3335 9283 9354 3044 745 8205 7948 1258 2487 4936 8918 7127 8653 2538 7815 5954 9413 5484 4832 6974 3232 6219 5009 9994 7378 3450 6935 533 9002 4492 6573 722 6753 3096 5539 7976 5879 2614 1195 3352 9772 3909 8960 6009 2976 5431 1778 3184 5928 5654 503 8903 7319 8308 9355 9074 3886 5439 7268 6298 1058 8757 7764 819 8033 1872 3716 3350 8336 812 7074 9353 1438 451 1650 4931 965 4968 2229 1512 1398 3830 971 3120 8698 4320 9331 7290 4125 6627 9847 2430 8972 9083 3157 432 2895 1413 9027 6841 4285 463 3165 3834 1210 290 380 7597 3585 7894 5663 3174 3558 4589 5514 2624 5326 4560 3181 8464 3109 114 3399 26 4842 1595 1327 1335 8889 1340 3368 4868 4181 5178 2823 7628 8037 70 773 7099 9721 1025 710 220 7117 4048 2507 9909 8516 5602 7371 1680 3489 9810 8806 5286 6467 358 8353 3222 8501 3242 4343 376 6528 9630 3229 1521 4380 5194 2390 2133 9952 7752 3554 1497 4260 6953 6297 9757 4196 5603 1713 6845 2713 9900 4387 4996 2548 9275 9921 7245 161 4848 9574 9834 6278 142 9266 8668 1658 5802 6098 9720 2210 8236 8083 8819 1979 5558 8711 8718 4531 5949 9500 9216 6405 8560 7274 5405 8264 5066 54 4667 7849 7755 678 547 2979 3144 1869 7383 2644 3101 3477 1177 6089 9481 1395 3302 6697 769 1317 3057 8896 8184 5300 748 8298 7437 9010 3314 4258 5347 2567 6942 3319 7886 4304 2340 2528 5627 9359 214 3113 7522 5205 6379 925 1969 3769 6693 2330 117 8524 7059 4002 3463 8495 2434 5102 9407 5184 1062 6482 308 9549 310 8973 2905 7525 8127 4566 2706 5729 8215 4016 2050 1651 3899 902 1469 5701 7908 1352 4215 4259 6603 847 5003 400 2857 9240 4439 6179 6914 5933 2585 8512 2808 6813 903 2734 8534 5783 9032 2610 4035 2440 5387 927 5338 1573 5533 4396 6156 1766 4317 7719 8594 8204 703 5702 1167 4187 5691 1656 869 8541 9632 4841 8586 3849 134 3290 2825 5313 3306 9748 3164 8863 101 4893 616 9443 3724 6864 8847 8411 4029 4275 8543 140 942 5787 4136 6648 1939 347 2131 4248 278 3828 9111 4487 2560 8556 2234 9209 3371 4634 7512 1119 7077 6306 7488 8741 5287 7970 2886 4824 2259 5503 8368 6873 8515 8451 6302 3673 3918 4098 7775 2323 4150 5185 1628 1868 7463 6891 3832 3483 2522 1298 9108 6739 3571 1674 302 3861 7606 3179 195 6969 2137 8057 406 8226 1675 5032 7724 337 3482 3914 8118 4686 1269 1364 3510 5264 7911 2575 8942 2947 7172 6839 4981 1385 5293 4306 2013 6976 1504 2025 8378 8937 3175 9096 6372 1353 4529 4188 2775 3798 5186 5735 7070 4103 1243 9118 2401 2037 1696 4693 5771 2578 3972 9247 820 3170 3677 6409 841 4837 8623 9270 8468 2742 5358 9573 6814 3429 7071 6066 5071 9090 6386 2077 7816 1241 2553 3487 5527 2287 8584 9653 1182 7537 469 3904 6276 9396 5975 1695 9699 1880 2558 3230 1758 9755 113 9579 3069 3595 9178 5798 9953 8737 5446 277 2787 6927 2276 4342 7621 8250 1323 6136 6701 8419 7809 8792 9062 6968 5238 6673 8255 7279 3620 3723 7953 2908 3308 5212 318 6615 1764 7084 1259 3967 3924 6484 2988 8141 2888 2827 1910 8009 8824 3087 1218 5342 2359 646 1564 6022 586 3149 600 8542 4264 3216 6041 1200 8445 2776 687 9150 2835 3423 7337 1728 6338 9069 4994 6122 8034 8564 8797 1800 4379 1858 8665 5636 7133 1056 4581 3028 7769 1522 2820 3985 1560 187 9311 2861 622 9186 5958 2461 2595 2055 3694 6768 4793 8811 787 3699 4979 5008 9697 2115 3505 2745 7496 8086 3360 6360 1856 6623 2174 7768 371 1616 2237 5823 9848 7367 9210 3721 5122 4412 2969 7931 3692 688 8448 683 2255 1253 5454 9534 7106 8318 3329 6287 7836 1629 5943 5655 2064 6741 7361 7375 8162 9774 3167 8744 1831 8081 2476 4621 1793 7510 6248 3836 4252 5440 7001 5930 3434 2680 9043 2148 9982 4282 3768 4339 5749 4087 3991 4455 7472 4131 6916 4071 9681 2480 6113 6249 3782 3783 9841 3785 2203 3681 8290 1046 4121 1929 4730 825 2858 3524 6117 4792 5878 3115 8592 1738 6260 4299 2010 3244 2715 6191 2332 5094 3810 5301 1865 7640 216 7051 6869 9129 2391 9199 9586 7929 7190 2127 6470 5216 1048 2698 816 2588 860 9252 2157 5101 8078 397 4808 8637 3838 4862 6906 6215 6902 9345 8396 702 3846 4809 3098 4378 3051 1816 5711 2599 3327 3390 9005 8554 2362 5128 8752 7906 8364 2634 3223 1598 9051 7881 536 1114 1160 3187 4541 5271 802 7072 2156 3925 3075 5180 6689 3777 2466 9342 163 1708 6568 5395 5742 7789 668 3740 9665 3340 1510 3611 2848 3265 3255 5960 9780 6140 3018 3663 4752 3582 8982 2723 6061 5982 1945 7945 9719 8048 7101 700 3759 143 7520 4725 7191 2494 3921 3397 4779 1041 453 1214 4130 6210 4756 2831 1111 458 2961 2271 5052 4619 8061 2464 8813 1032 1498 6164 5708 8156 3748 8880 9338 5723 6511 7357 5508 4548 2054 6385 3956 7432 9845 8928 839 4768 4279 2765 8304 5311 2617 740 9463 2539 3168 9329 6060 7975 8347 6065 3307 6632 5007 6053 4982 8316 7277 2928 1773 5659 3056 4041 8488 7023 7717 5916 8742 4018 606 5635 5841 7362 7686 5959 1887 912 3540 3584 8539 6448 7493 7782 7310 4956 9372 7435 2695 4240 6459 7587 8438 7631 3256 3827 9667 9105 9743 7772 6541 751 8388 4149 4353 1796 8337 2399 8036 7110 9815 1909 2925 8611 7308 9348 9857 3435 6084 1916 3284 4045 7316 150 1396 4245 349 1428 191 4193 4054 7173 7445 7897 6695 8873 4661 3089 7865 288 3358 3060 7542 564 4857 2384 1861 5925 7428 7745 3351 4720 497 4355 6747 1311 1236 2074 3644 9798 3381 608 8101 8477 9744 1330 5792 1073 5444 3553 5280 3653 4184 3841 4126 7785 9923 9196 8231 7638 2729 7481 1593 7997 3536 8518 5141 7139 4420 4210 4095 7657 94 3468 5806 4847 3629 7779 5038 8450 936 5804 7102 6982 1260 6205 4769 3701 4132 4107 1925 8021 3503 4938 7267 8259 7418 2898 2953 3537 1366 7994 213 5456 3131 1118 5470 4156 7073 5545 6377 4953 6231 3431 157 4159 8277 3603 603 9658 9472 9280 3040 4005 8369 9397 3806 5064 6361 1960 6988 4377 8689 1754 3896 7467 3141 1755 4182 928 2263 2004 374 5255 6621 4467 162 5700 767 9284 1071 5327 3488 5814 1943 3432 9301 9781 9215 1293 2316 1835 8222 584 6198 7478 177 3140 9678 8871 1115 3159 4608 9975 9403 3449 8459 6150 3066 8805 4723 1247 7934 3000 761 454 4705 4591 5883 263 9200 4008 5756 5147 2932 766 5637 7392 5522 5551 1789 6109 7873 5542 810 2427 2678 8641 4613 5676 5353 9519 3562 2364 4672 6463 7350 512 3268 7546 6513 539 2425 1166 5068 7759 3982 3821 1577 1393 3996 5593 2295 7162 1515 3842 7393 2142 3281 91 8271 615 4286 1312 3428 2262 1829 6257 6498 5626 8315 6378 617 4247 3939 4637 7783 9526 6909 9840 3845 6130 630 5953 5479 7532 7852 4880 1208 4122 3377 7742 105 5349 4091 8207 2065 3746 4354 3738 660 8629 7610 8979 583 3135 6213 5111 4585 2419 597 8435 5591 5158 4206 6593 4062 1528 4318 2026 701 7391 8358 7141 1843 4400 4691 8071 4520 7823 1127 3867 6531 2477 6068 5766 9457 6507 129 8120 4364 7198 9265 693 6395 2462 924 8848 9706 9974 4374 9920 7583 2649 4134 7868 2720 2438 3566 5120 8859 4352 1344 6653 3882 2628 5889 7187 4392 5849 2180 4575 3421 5371 4105 6620 1008 7837 9041 5867 3095 3228 6148 402 9325 7892 1181 4598 8153 962 4624 7389 4465 5895 3962 1322 5797 7385 6674 6748 9001 379 3418 7966 6595 5761 6420 7700 3954 5924 4649 5511 2896 4422 1487 8387 6435 3707 4014 4443 2778 573 1508 7120 3901 6883 8073 5664 2576 2855 3930 9370 9855 3259 1407 8489 3035 3878 5833 8746 6493 8540 1736 1184 1433 1226 1662 724 8868 6586 5679 4885 8870 2569 9969 7582 7338 6675 5176 4483 2601 2099 4646 7030 5981 4489 7509 9095 6466 4897 1050 5047 6742 5276 3772 1739 6455 5113 6601 5601 9045 2194 482 4507 6221 253 9231 2571 6001 5082 9756 8312 8904 4965 5129 959 69 4030 6837 126 68 9388 3155 4414 5825 5224 6752 1272 1205 4640 9620 9502 931 2694 1454 6177 1689 1093 4542 8531 8480 5455 4191 6165 6802 8998 9243 7354 6602 4015 992 2236 1589 5191 587 2217 6915 1771 2383 4113 3897 6608 9695 8310 5407 4955 2728 7824 1307 3102 1297 8984 4073 6711 4097 9852 287 1703 7322 577 595 9156 7642 8883 6555 3065 4501 9121 5388 8798 5420 9588 1964 2806 6729 3969 8959 1401 6502 966 4329 123 2327 4579 9077 2281 2119 7270 1164 5136 7312 4759 4321 1467 7148 6882 7064 9662 5339 8273 7414 2382 4300 4627 6477 691 7034 5738 8417 4454 631 1907 1765 626 3771 4597 1759 441 2485 4310 9448 3029 5566 4006 8939 5257 6331 9791 4729 2088 5785 8446 4616 9102 7552 2111 2866 3322 1275 6579 4664 5599 7302 5794 3532 8587 8858 9671 9033 5258 1000 5517 7603 8095 7517 1956 6945 1867 5039 7244 7842 9022 1614 9250 4660 7471 2429 6174 2171 2606 4415 2242 7036 1468 7443 2509 2372 2909 1479 551 1579 3238 8555 4818 6077 5807 1345 1477 929 6984 4737 656 6269 7613 2950 4536 1645 5196 934 8155 1812 5588 4925 5495 4493 6344 4727 6933 8736 4778 532 2143 5536 8529 1285 4739 6628 6456 9467 7300 3852 7498 2710 173 8386 4754 7600 2864 3169 960 3118 7954 8257 1365 1526 1932 293 79 6147 8070 3789 465 8238 2086 5648 361 6670 4915 2058 1971 709 1141 5114 5506 7332 459 9100 9646 1172 4711 7412 8767 550 4460 5905 6496 3127 5990 8557 3024 4085 6076 9036 1262 7978 7494 3795 2453 7771 4803 7504 8280 2318 6843 7377 1065 6876 6954 4370 4990 7216 7938 9621 6245 9813 1957 7580 2638 6877 6146 15 37 3868 3856 7457 6104 782 3389 8663 4827 4958 7017 872 7899 5314 395 152 5538 281 9664 2597 7725 1215 232 3523 4849 9741 7415 1057 8583 1878 641 5217 904 1021 121 4843 6829 1821 6868 7012 6640 7648 6247 5632 4869 2112 3063 8545 6253 1380 4875 8528 5755 5004 882 3855 5427 3196 2228 5838 955 3205 1669 4549 7778 3978 2041 850 738 5844 6394 8091 3097 6715 7703 2309 5970 2497 8064 4222 9431 5847 518 5377 4909 4386 2375 560 2724 2116 5576 1725 9687 1797 5887 2602 3946 8165 6937 185 535 4926 40 3703 3648 2304 1752 1823 8124 1222 4503 6807 5418 4393 7797 9792 6727 3172 8461 5520 2959 7605 5174 845 5103 1412 6332 636 6665 9263 3148 9685 4418 4296 7003 7122 7080 852 202 1328 7834 1809 4550 7925 2022 5918 4971 6928 2197 9782 2637 4446 9124 4628 47 1776 5590 1095 4950 9417 7276 743 5965 7085 2302 5592 1448 8339 1563 2449 8228 335 6699 3457 3817 9398 9525 5784 6334 7716 6356 3758 7706 2924 1763 245 1123 5321 8210 399 7984 8907 9942 1986 3455 1245 8301 3312 1974 844 5445 1079 542 4326 8103 7370 8080 4089 7924 3373 1212 1371 5595 2526 8217 5040 2997 8470 5043 5075 885 3326 831 496 8075 359 7996 9377 4106 6280 2719 419 1534 7737 154 2508 2250 9803 144 1750 3252 4521 1883 7695 8012 5596 2153 2183 4034 5441 242 3152 4751 1787 2209 480 9166 6288 6172 1646 6039 4376 4865 5088 9013 4587 1042 9917 1168 1302 6097 9267 9753 757 1511 7251 6552 4026 6564 7814 3761 9521 2712 2958 291 4417 1188 9979 6472 7451 7363 6910 67 2411 2783 4902 2881 746 6591 342 9381 8302 8768 8224 8490 9572 8326 6767 9948 3757 677 8094 4557 9183 2387 9894 2341 8164 6029 3218 8383 2842 3002 1761 3911 4437 610 9972 813 1828 1437 6779 9414 9934 3963 4435 3 9159 650 8324 8403 3012 9092 945 1851 4345 5333 9968 1356 5736 42 8582 8221 4821 3499 2118 4118 6626 1013 1059 5973 490 4044 6582 1804 6354 9049 7137 9637 2604 911 3276 1826 9582 5013 2937 7753 7548 2876 9259 9298 509 1922 4741 1449 9973 9449 8575 5843 9175 1485 309 951 4838 5842 5220 9319 5618 8069 2655 3304 4977 9590 46 9802 3061 1619 1128 4696 9682 8002 910 81 9003 5437 4192 7647 8857 8706 4546 1069 9026 1836 9616 1503 23 8645 982 9479 3934 4882 521 8976 7131 5259 7680 5261 5908 6784 7949 2660 2361 8886 4537 6440 8520 6381 1760 3292 382 5956 8216 5788 9846 6244 7309 4074 5142 6983 6396 2091 7376 251 7094 3309 2943 4055 2458 7116 5294 5295 611 8394 3637 1606 2042 8017 5998 8300 9884 6730 6838 964 8745 5502 8340 2934 7702 508 9131 1622 815 6929 1860 5705 2349 870 7282 32 3053 2667 5310 1499 8590 7025 7342 7452 2672 3052 8473 8449 7825 1354 8503 2454 846 1460 4472 9405 7807 2212 7538 8563 4250 9194 7229 8893 9046 6897 1147 9115 1308 6958 1273 2779 3153 9843 99 7265 5535 2251 8961 8117 153 413 6079 3328 5816 6547 5937 6333 3752 5900 5580 5476 1232 5471 4797 737 530 1918 8823 7879 4289 2676 52 9752 1492 8514 5394 386 4218 8621 1876 4932 1444 9986 8398 2190 888 9411 8602 1611 7812 1026 2011 7808 3093 9168 7149 1517 2700 9566 8915 1998 4490 9364 5791 2489 5424 7845 1470 9760 6537 6488 223 7093 4208 4303 8958 9761 674 1277 6070 2621 7189 3036 6708 8962 9824 9770 7266 2774 5651 8169 2919 1990 788 4573 4366 3674 3871 3347 2546 9085 5772 4907 6050 9833 5464 5684 9915 9672 5037 6962 889 4322 5 2246 6636 7858 2759 6525 2377 5354 5765 3664 9916 1451 2395 8406 1896 3847 4532 6571 8682 6907 4020 268 835 7286 3080 6998 5498 5516 6892 7060 5950 6691 5504 7185 7321 5886 3576 4799 3751 9018 8728 472 640 6434 2955 8845 9552 1326 9531 775 8694 5523 5642 1509 3313 6291 8496 9557 5237 9589 8826 5077 370 6894 2075 9138 7818 7872 4679 8532 7999 6485 2766 7128 5656 2752 217 1390 4348 4093 343 3339 3825 3717 2352 7157 6058 9622 8908 4859 2113 4161 1531 9562 2459 1854 9133 3161 8790 9358 838 3857 8151 1980 6616 364 4176 1422 5609 995 2006 4636 3348 5866 1145 6151 7734 4381 9143 501 1996 8931 8956 8714 2755 5510 9454 8254 4571 9569 6341 6516 295 7069 3666 5607 2873 3870 1602 8375 5612 659 2968 5803 7943 4883 8240 1362 6635 4403 5915 83 9047 4312 6092 8291 8697 7269 5100 2941 9914 7057 5880 4434 1350 8393 2128 3506 228 5902 1421 6327 3600 2847 9941 2661 3625 4363 5650 9777 3132 7799 868 2632 5940 7374 84 645 1544 8177 4108 7981 9421 649 2654 8566 2033 4513 5513 6509 3929 6094 8625 848 1097 5269 8260 5192 5256 2948 2173 2279 4409 6201 4568 2138 3225 2027 5769 8838 448 799 6137 8424 9879 7829 2555 3479 333 7688 6439 7223 1886 2557 5744 2307 4349 3589 9439 3217 3160 190 1034 8148 561 5228 4663 1690 5688 6661 4463 1683 2291 6034 5499 2160 6895 7356 3546 7690 3915 6688 5288 2984 4223 145 8016 4611 5302 6503 60 6162 4861 3990 8202 6576 2529 836 233 5881 29 172 999 336 3470 9206 8106 4498 9293 1730 8447 9485 2125 963 5351 1223 5529 7946 2275 2488 5673 5773 7043 6859 9350 3266 553 5549 2483 698 5782 6031 774 148 3776 8040 9751 9055 2370 3518 4217 1535 9854 3199 7991 6264 6544 5978 5279 1085 289 5438 2810 7227 8900 4053 4820 8671 5131 5780 6728 1501 1866 6718 5195 7239 3239 2134 1684 9262 7351 2420 9956 7923 4614 9030 5182 6797 3702 3345 7218 2504 3427 2519 8700 108 4707 5839 1404 7326 8855 5577 7294 9575 7960 9487 3163 8910 3020 3722 7242 908 513 6370 6860 4214 9873 461 9832 8983 6242 2994 9771 9009 8851 2169 2363 4934 978 5888 8341 4226 1904 592 229 5312 1668 1989 6028 9955 7887 2502 4643 244 1881 6672 8182 4428 8537 7679 2869 920 5894 331 9137 5897 7850 9790 3508 5166 4347 5649 7740 3197 977 9198 7192 6679 3008 3994 3486 7247 6614 5219 8493 9420 6401 3484 8196 2697 2608 8462 3204 3365 8985 2656 5714 5929 8053 3938 2204 3298 5124 119 5553 1303 483 1442 2659 4021 7616 9326 88 2268 690 4790 9465 2926 5487 262 7720 4913 4331 6141 1394 9328 6087 5869 6637 4535 2983 823 6551 5155 6105 8168 6424 6960 1600 5971 6037 5822 9805 5135 6700 2355 7485 2903 390 2499 3803 3300 8352 5490 9930 9016 8693 2768 4791 7838 2161 9933 9962 9796 6127 438 2960 6791 1067 212 1574 235 6604 8825 2241 4524 3451 3209 4114 9177 6101 7914 827 1590 6599 3287 9182 1839 4949 7291 3573 7576 2966 2021 6030 1632 5034 6168 1187 8418 9427 9643 3299 4394 3176 1745 8830 7956 7013 5696 6125 1038 9705 5079 2650 9507 7677 5309 8643 8604 1203 4927 8494 7942 7088 3240 6991 1472 9551 3812 8198 7875 8940 1621 4308 6078 7878 6251 4200 8429 6072 5031 3112 7860 8509 396 5430 2132 2996 8888 2625 4450 6412 9570 8146 8206 8399 9324 2721 7401 1279 3605 112 2201 1078 2257 8779 7429 3858 2878 764 6931 7225 1803 4901 6824 7000 968 5104 9899 6011 8579 8097 1231 2168 3951 3103 2545 8199 6187 4168 1612 1965 6554 6235 2358 1578 6811 9666 2885 9428 565 6834 9081 3833 3142 3490 6363 2511 9271 1530 9717 2763 1951 1131 7806 8011 4515 1639 6335 1383 8787 1343 3643 9853 4655 2280 7534 7980 783 9444 306 6314 2029 7915 2879 3009 7596 6681 3534 594 8924 7564 6175 200 990 4036 1693 1027 556 2615 1935 4509 2533 2090 6492 6780 6189 9362 7008 4685 7333 5832 6535 6562 7784 8088 8829 8589 7271 9508 6203 2679 8142 8683 252 4185 7248 9511 9142 3862 2315 4010 3311 8305 2663 367 6903 8658 8789 4508 2313 6214 6225 9580 1255 9820 1550 8079 3831 7203 8842 2972 9614 2406 8894 7421 5598 3243 8463 5509 8807 4887 8801 5501 5995 7854 2809 986 3942 481 4929 6301 5565 3245 285 344 9652 1780 7611 5099 4442 4564 55 2609 6267 5853 6085 5777 296 2758 6950 5433 9537 1148 588 6073 25 7530 9906 2334 7986 9587 3521 6717 7170 4086 1112 4561 3755 8558 3690 6183 4204 2957 2573 4424 665 5260 3250 8342 9628 1165 3201 4365 1411 5500 6309 9851 6134 7593 9584 9400 3642 4488 973 7382 2877 7995 9543 2949 1495 9495 6325 7056 7167 3180 5265 1894 9797 7438 9684 609 6299 9963 5687 8846 9789 8246 803 6578 926 5089 4761 9336 3961 2154 2581 6364 6351 9749 6343 3295 3885 8562 2192 5112 4834 5168 270 6110 9264 9555 4216 9656 4877 517 3519 5423 716 9864 2912 6374 2442 3473 9160 6641 800 4743 4356 5372 2244 9520 8019 984 4993 4892 3356 118 1194 5614 9992 3763 5083 6044 3413 4620 2345 5413 2114 730 3085 3279 5818 4831 365 6923 7424 6410 4477 2450 5512 2373 1557 6946 5926 3332 3495 2688 6266 4224 5197 3626 2337 8933 8163 3357 3957 5373 5734 3462 2551 6887 4819 7285 6872 9233 477 6922 2999 207 6443 1500 5874 4961 6447 2993 9822 1139 4810 4674 3485 6454 5494 6145 6827 1081 6889 2493 2347 286 3533 6283 3958 1807 9126 8414 2971 6585 8052 6399 6473 7900 398 1654 5583 4494 6580 3227 3902 4905 9286 874 4788 2187 4064 6207 4864 6581 4219 3989 3750 6494 2232 80 9912 9493 5936 5379 2781 1206 2038 7901 589 6506 5550 1415 2503 5608 7328 6139 4145 6514 8234 3818 1155 2780 5452 9887 3366 3659 1152 6486 2746 4383 7050 9321 3950 4441 6027 1156 8688 3727 875 1388 9715 1677 9592 7673 5202 3709 2795 5695 6489 873 5720 5678 6059 1908 211 6317 4398 5751 491 3539 2270 4722 9404 3323 5546 2000 715 5719 139 8707 7589 7298 7208 3514 341 3936 7634 6574 953 6352 1288 7805 5694 7554 8860 725 404 7541 1104 1384 8007 6642 3866 3731 6629 5232 9505 9690 1848 601 6188 4584 1741 6600 4344 591 6546 5414 122 4631 1284 8344 2872 6286 2500 1652 3839 7788 3500 155 4682 2871 3881 6790 4163 4816 4049 6056 6625 1461 6233 1946 675 2736 8862 3039 4928 19 9333 3436 3372 5210 9676 1447 7028 2036 892 6644 8478 2708 467 797 3407 2472 4514 9612 2714 9636 75 2490 6657 3542 522 8251 6025 2520 3970 699 9093 2716 1995 6668 6643 1710 6468 5241 2189 5759 5190 5778 5906 5410 6856 9577 136 6594 8815 2093 4569 8971 6006 9862 7889 983 1543 436 3583 1635 2541 8809 8588 905 9432 470 9943 9086 7714 4527 6402 900 5240 7803 9000 1233 6414 5670 5834 755 8102 4092 9988 3966 1667 466 7365 7701 3338 661 6925 2162 6709 7832 2225 356 1235 4231 3083 807 9528 6196 9946 3615 8320 5948 2292 5290 4288 8511 1113 3396 6508 3683 9935 4881 9905 5080 1180 3760 1015 7416 4063 3706 5955 619 9110 3437 5116 1044 7168 9954 1625 5754 3090 6770 5024 3354 5796 9059 5630 2918 9169 1948 1562 1018 405 4242 1514 6423 6785 2057 4969 6788 792 7912 6971 2283 713 1570 8452 2709 7722 6160 5851 3032 5127 8777 8149 7254 9204 8662 246 8099 8306 6810 9778 3253 3248 1633 3288 5543 4767 9910 5718 4194 6821 2195 8346 5329 4269 5920 4257 9430 93 9337 6426 4416 3105 9957 8059 9029 5292 5962 2839 2563 4237 7031 9044 8952 4481 1818 9601 777 1607 3316 2536 1035 1029 6934 5253 7781 9739 6533 4456 2451 6990 8802 4599 9469 9903 6820 36 4069 133 9221 8726 6460 6017 9058 4852 5398 1777 3813 4645 2428 2059 8606 696 5575 906 6830 9125 5907 1369 6970 9220 9831 1799 2540 7262 6074 4719 3016 7827 9020 6787 6035 3382 8465 4129 1987 9225 7913 5628 7927 4142 2252 1953 8186 4855 4713 1190 8932 5105 6722 9825 6575 7958 6346 4735 8759 7841 4205 4577 6804 1545 4828 340 4814 6234 1618 7656 2662 6713 2671 5036 5041 4291 946 3171 8006 9947 6948 240 322 6951 865 7561 8367 3438 4904 625 7985 6786 8546 4510 3251 1631 362 510 9876 28 5475 1784 7249 8190 4281 4207 6329 2060 3461 9366 5328 2987 8144 2163 9482 901 9048 9867 895 7793 9107 5812 2319 3616 5189 4212 6051 717 612 1520 3143 35 5568 8552 2072 5606 225 4101 7345 2532 2117 2 7366 6200 5899 9340 1975 6651 6725 8499 2019 2311 6799 7311 8527 7264 9661 5625 9272 3708 3604 9648 9334 4116 7575 7665 8401 7602 3121 3412 7038 7039 3275 5306 7042 4070 3019 1811 3511 3285 5478 9816 3805 1791 6789 1256 5247 604 5152 5098 4651 9686 6736 85 9927 9416 6169 3802 6042 4197 6523 5005 8640 8920 8585 590 3415 1481 7224 5972 5236 2376 7129 7578 7082 9219 3458 9801 7086 5468 2243 890 3213 411 3417 7990 9707 4440 3865 7150 7773 5344 7387 7950 1830 9356 4538 7870 2044 2911 8407 5093 1767 5453 6861 8803 9473 6524 3337 2193 9477 8237 9384 2562 5647 9793 8159 4822 7126 5594 727 7486 9173 9602 2821 1483 7134 1 4475 1997 9730 2185 1198 3890 8898 1138 3254 2815 6407 7964 7492 3913 1271 1304 1294 4096 8440 7107 8957 6161 7075 2990 3618 273 7175 9839 218 6994 1197 2087 4794 8130 8909 798 4937 6016 4335 7766 1072 2101 9545 2685 2942 2933 1507 6731 4178 7916 1673 7045 6534 5046 2735 17 2687 9103 5641 7299 854 124 9523 2870 2525 6617 9158 9288 6431 3215 6911 6530 7232 2939 2100 5552 8733 1744 2757 4922 574 2380 1838 7219 5156 304 4368 7423 2965 7334 3203 9641 7336 9299 4930 4309 50 2788 5213 1096 7917 8748 3932 2642 5574 4067 1581 1016 1287 7325 9212 7880 9649 2418 3927 3597 16 3501 8869 8022 7846 4438 5666 3552 993 8766 4920 9669 4276 6510 8605 6049 2273 8377 1101 6296 1455 8431 8160 4963 5268 3082 5489 8703 4518 7177 9818 33 2862 1624 5126 9860 61 1815 6545 5699 5137 2120 64 8530 4604 948 500 4738 5181 8715 7195 2030 5776 3725 3367 4648 360 460 137 1453 2631 3264 2068 4425 1539 3068 8561 4798 4140 4167 5876 5492 3987 4947 3801 9619 9733 7329 915 4395 8379 2046 3960 2342 9371 3638 2880 6099 383 6063 3545 1565 3114 8209 1199 6805 954 6429 4426 5753 9504 6497 3516 5233 5076 2378 2690 4057 3447 3675 1372 259 7364 2040 8253 7353 5411 9253 6972 3220 4717 1700 655 8284 6413 7158 2940 5837 422 1734 6831 9455 5006 3968 1268 4870 4554 9389 5911 5932 4280 9890 9501 744 3816 2586 7105 2379 7652 6457 8327 7549 2771 8138 8125 1770 1529 2577 633 9436 2082 1053 8631 1682 2322 623 8105 8135 5053 3459 8680 4112 9607 8456 5304 4588 8739 4066 4375 1286 7855 7506 8334 2351 6825 9098 8712 3507 5758 8502 6067 433 7484 2981 8507 2587 4166 7347 5385 1814 4570 7905 6751 8738 7862 704 2760 264 6776 7461 4676 2200 7757 1267 2616 5706 6015 6135 9269 7004 6803 7794 6261 3078 4694 6955 2357 9134 1857 7278 2740 5459 6491 6853 9164 4170 2023 2024 5108 3567 412 8093 694 8321 1149 9410 1845 2725 7355 3581 2692 3512 4104 9670 3979 4770 2175 4559 1402 7400 6822 7866 7514 8734 2214 9368 8720 8647 282 7466 6678 7529 7112 662 5634 9268 239 7599 3385 523 8699 4623 5724 1527 7813 393 8241 369 7241 805 1347 4491 2012 2492 2803 2016 8397 4081 7115 9139 1721 3737 2523 7926 8013 2622 7558 9294 6224 423 7562 2260 8600 5278 2139 881 7568 9174 5273 3108 9696 241 7574 8432 5408 8381 4580 8687 8947 6057 5493 2863 2840 6961 7125 4484 794 4230 5544 505 7592 7044 8833 4152 6558 8912 7712 5893 9189 5988 1173 6520 7497 8065 9546 7607 9042 682 1950 2841 6501 3733 8793 7615 3262 7502 7197 8919 9908 86 3386 6966 4078 9193 3206 7627 5836 9563 7630 801 3422 73 206 4298 6828 7637 3624 3226 4221 6563 4516 728 2215 3104 8521 7685 3607 9341 9896 7651 7156 72 2329 9539 4186 2426 1400 5914 1601 5365 7340 1217 8389 6833 8716 4183 3301 3678 712 8994 6666 9141 6170 4315 2216 5049 5697 7801 1019 5976 3662 275 3848 6781 8211 7877 4886 7971 5557 2471 8500 1714 1264 2218 9453 5997 8252 9863 1213 2549 754 5254 3130 1630 4411 1537 9188 4127 255 4551 1719 8576 8157 7715 1962 6166 2386 5643 8150 7721 5016 8031 1244 4072 3977 5231 3466 3147 2982 5726 7732 8996 5171 498 2165 7653 5469 5316 231 5396 3686 6519 8338 4728 2444 1175 7748 6024 7988 3591 1837 3074 9776 9064 1813 5465 605 6265 2514 3794 6155 7434 5993 6941 4748 9718 5974 4469 8380 8725 7458 1571 8307 7233 576 1339 5050 4225 8143 2922 7898 3401 9837 1153 6319 6647 5154 7844 1061 949 9155 7791 4389 1099 811 1592 7318 4539 431 9995 4253 3233 6366 1238 8218 5173 3343 741 8569 7202 2121 785 5774 2556 4872 1582 2073 6809 8609 1378 3107 1653 2534 9052 5429 7909 8147 9461 970 8837 7464 8953 8778 3905 9309 6812 3844 7839 9006 8322 534 7744 2641 4328 9179 2274 1030 1486 8457 2220 7024 4867 9989 2515 3465 2205 7963 9382 1506 4688 7327 1417 4985 9123 1427 6557 5132 2666 4710 2056 4065 9856 8263 4447 1249 1873 9960 9961 1283 9038 7193 5361 3948 7619 5891 5964 9014 9492 9548 9195 9442 8661 4362 9004 2147 6583 3590 4967 8293 5716 8487 3665 59 9642 7800 1549 3630 6987 6415 7436 6328 4137 3669 9289 8281 6686 9703 7919 4736 6943 7922 8591 6263 5524 5025 6421 8484 6121 5375 5150 6518 8974 9035 279 9257 8181 1822 8213 8666 7097 6660 7419 3739 3189 1349 663 1105 3655 4084 943 3081 2124 8486 526 918 7320 2126 3424 5457 9596 7957 20 8004 1638 4942 6192 5621 7969 1125 3249 1036 5760 3790 2167 8828 1423 814 7595 2747 103 6885 3318 1290 1594 6773 4249 1640 5266 9904 5722 859 5830 635 12 8577 3997 3719 1162 3660 524 8425 2298 4914 8005 9530 1584 6819 3394 2726 3208 2094 519 8014 3182 4333 8690 8897 9878 5554 9132 5399 6295 1936 6766 5531 8194 5910 2589 8030 9343 5097 9807 5267 1546 6026 7054 2005 1930 7397 7113 3986 2843 2032 4001 378 4817 8020 9603 1003 2191 6692 5319 1087 3877 1107 7947 2927 1291 1742 9305 51 4528 8114 1717 31 6218 760 6088 9768 4941 6746 6167 5090 6832 4576 3873 1596 425 7433 8765 4171 4138 4173 8384 7698 2031 4552 127 3445 9644 7479 5903 5107 9747 2677 4957 3520 5786 9426 4040 2141 3088 5961 8597 3375 5346 3657 8832 5562 9647 1559 3599 2832 8242 3315 2108 7798 7705 3945 7255 5035 8123 2325 3192 2398 1938 8266 159 4229 8131 8841 2441 620 829 8808 5092 427 3166 8171 4080 6806 8638 7402 1459 3007 9278 4845 5350 1552 8675 9490 8799 5715 1450 1591 7163 4165 2400 345 5383 6152 6874 4633 1014 338 9151 2445 354 4851 9136 6393 8268 9223 1474 265 9401 3712 8580 5617 319 5585 8183 7441 6438 752 8208 1178 5355 5426 3042 7864 8882 7194 8810 8565 4046 120 9484 5198 6478 7079 4209 8632 1144 9315 9615 6938 4160 9937 4545 5984 8191 6389 5245 7790 2107 9211 8363 6963 5307 2893 9491 7792 307 9518 1697 3635 8229 5234 6607 7210 8335 238 3819 9153 647 9700 4833 1161 8261 759 7833 8244 7144 420 4815 3037 987 5646 7263 7283 7736 3596 8831 7010 4061 2240 5054 2048 6342 7944 1296 348 128 7585 18 4195 6956 5378 5912 8272 5680 9651 4336 9385 6667 1523 3277 165 2258 5518 2741 7708 107 7049 3038 705 8755 4873 5750 4147 3606 5770 8426 3246 1129 6271 2921 4988 450 21 2213 2733 4782 6345 372 6321 4668 6388 6241 9835 2080 6490 475 7303 3426 4311 8677 7609 7557 174 323 1082 5564 7632 3448 6441 2668 7692 7920 7396 5029 5028 2838 1324 5462 7843 1666 6866 3556 1202 6391 7547 2333 9429 871 9053 9379 3860 8137 1659 7572 1309 4721 8356 7015 2970 7019 4076 8043 6038 312 6262 2516 3535 5629 2635 6543 1419 6772 8853 5885 7238 5875 4407 6048 7671 7096 4908 4700 2583 2371 2297 1386 5204 9067 6013 2897 2582 106 1575 6417 8834 3679 8230 4120 4654 3568 515 3593 5074 7763 7476 9386 1009 3894 7907 3728 989 2219 8412 8042 4960 7399 8416 5403 4201 9819 1937 2151 1788 8423 4479 2286 6896 6918 8402 3998 7067 7544 1163 2837 6606 3410 8092 9830 4917 6762 842 3891 2967 8331 1568 9213 9496 8292 7289 8654 8536 5432 9112 3100 3854 4755 5012 6181 1185 9113 6863 1905 6290 891 6912 9691 4829 3786 6560 7876 2593 8652 1424 1808 866 1373 1802 685 284 2748 2506 5890 6598 6418 5011 8608 3531 2989 8349 1002 8262 8497 8492 1031 9788 4596 8195 7407 6515 5360 4429 8601 5400 417 6322 6855 6904 189 4830 9061 8510 5067 3587 7691 6569 3713 3446 9675 6453 1052 3572 186 4327 9440 3743 9967 7335 2592 2834 7188 456 7359 315 4405 5362 7160 3749 4781 2682 5139 3286 8814 5021 634 6817 3062 5537 2550 7861 5587 1617 5613 735 4295 5737 4128 3822 9746 5579 7258 1276 5283 4923 3193 8938 6880 9447 4033 2753 5305 707 9300 5448 6376 9394 9320 5069 2202 4543 7533 614 8770 7635 204 2887 2110 9408 7037 4635 8175 5335 7796 9335 618 8371 2964 3183 3671 9716 6590 3672 7594 8287 6816 7524 3021 2248 9767 1733 66 4337 5581 8719 493 1001 138 4534 5730 7626 2833 8620 2657 2794 7398 6293 8743 8436 9080 430 5421 3294 8627 2109 9302 2704 95 1959 732 3623 4452 4290 585 8642 160 3778 6133 9610 1405 7968 9246 158 8453 7646 1649 1225 1785 9091 3443 1641 8917 9977 3869 1966 3647 3058 2186 1786 8110 2633 6712 9497 7029 8170 8673 3440 7447 7891 1903 6208 8405 6211 2343 6202 5167 1844 7660 434 9468 8595 3030 8333 1958 8010 5226 9277 851 8345 3494 4497 6890 552 5963 7153 4964 2683 4962 6754 1435 2899 2369 4879 7741 8553 3952 6119 2172 1136 4658 8776 1240 921 1901 3711 8723 2524 7817 194 8370 9938 1237 7207 9515 3186 621 3617 5397 1475 254 2396 8628 2405 5486 1252 5070 1967 2308 3788 2069 5017 5299 6289 520 3944 6612 6240 544 4675 6854 8089 3387 2626 418 8374 8351 5999 9522 4266 3497 4698 4891 1083 34 8362 8085 5624 3330 1409 1992 62 6330 8223 2853 6227 5752 4600 9181 9327 6359 8865 8008 1157 4553 2938 8050 236 6737 8835 571 6539 1281 3872 7201 3799 6300 2155 8906 7305 3527 6967 8571 6144 3384 9197 4697 5187 6649 4586 8817 6704 1772 2067 3336 8185 5573 5967 4155 3633 6716 7802 5904 1063 8772 3933 5121 8054 3691 8517 3260 3004 1006 834 4992 8618 8843 8844 4480 9260 8491 4519 8504 8309 5644 3791 1933 2764 8166 8856 8111 4844 5989 1179 1064 5582 5703 4410 53 7710 3876 5485 2501 2001 2245 8872 5571 2070 3580 7555 7780 8750 5584 6664 8881 5873 8732 3359 5739 7822 1135 3517 2305 1370 8891 9258 1382 2731 4753 5942 9996 7644 9232 9419 6921 6173 8299 8993 1040 9817 1647 9424 9877 9007 8385 8754 3154 7885 861 4558 257 7739 6408 776 5345 5985 1906 7776 6131 6444 1022 9249 7475 8203 7006 8479 9966 8441 8935 9727 184 8649 2158 7196 8029 1094 7896 6795 5709 2665 6939 6282 4757 8056 7820 972 6124 1320 1678 3588 5921 1124 5270 2975 219 6986 3793 6239 8391 2412 5320 1926 9870 1211 6592 3017 6521 7465 3027 4473 9347 8267 1561 8980 3156 8771 6449 1416 2003 9040 4898 6633 1983 3685 4172 3270 867 1278 6500 1913 3491 2618 2457 582 1321 9245 1465 3321 7346 3210 3651 884 4459 8415 3696 7503 2452 7684 9737 3715 5983 6734 2414 1583 7738 9618 6416 6320 676 6103 1999 2261 9019 8617 5134 9694 2669 7961 9754 9997 6835 3797 3863 4388 5652 8039 2035 2339 4052 4525 7645 4562 9983 3325 4124 7847 3943 9624 2797 9882 1723 1889 1028 2181 2312 3656 7450 1110 4895 9663 2673 9068 9723 8795 830 9425 4504 5023 4590 8066 8990 4744 563 2751 8068 9433 7324 2991 9868 7918 2365 9617 7863 2296 6744 3983 1806 6985 6512 5461 3756 7733 1496 9600 9101 9120 572 8018 9711 7151 8672 4037 6499 7556 4666 2917 4462 1392 9367 3781 8220 9895 5248 3202 1993 9732 7040 554 4806 8072 3559 4959 5435 1955 8599 297 130 6870 9357 8876 3214 2769 6471 6419 6794 569 8084 4059 2854 2791 7935 9814 8892 6656 747 1408 9236 7474 8614 7061 1489 5458 2282 7468 2446 3402 1023 303 9165 8027 7895 6522 1227 1842 8948 2836 4701 2711 1043 4382 3742 9633 9395 9959 1425 4975 8573 3188 2179 7455 1142 352 9361 164 9483 5042 7119 8598 4622 3049 4884 2561 8433 6451 9360 3403 4267 6777 7103 6504 2566 7046 7967 1846 7965 5078 8639 4804 6090 7535 9441 3745 2278 6469 2346 7746 7559 1257 9850 2611 2222 5746 2017 3598 9609 7331 3720 5401 6091 7951 3151 6055 1850 3476 2830 332 9929 3125 8784 368 9094 8691 111 1912 7566 7859 6561 879 9255 2336 2092 6303 8966 6823 414 82 8786 3411 5106 9244 6446 7211 4302 8670 167 1871 8498 7068 6033 1663 4199 3935 5987 7380 9185 1897 2294 8126 3931 6226 5340 247 2164 7835 6698 8930 8702 6186 6153 8934 2531 2300 9766 6206 3059 9157 7831 6690 4251 9306 5781 5604 2923 9310 5010 3654 6771 5085 6452 224 3614 9318 7135 8550 6406 4094 2645 4419 7007 9565 5896 6238 1374 9639 8644 3887 7257 5221 3744 3732 2914 1051 8113 6714 8656 9024 4180 1726 1473 5622 3247 9224 13 898 4239 5767 6540 8348 4652 9190 7108 9116 3736 4850 9238 1033 4399 7152 4724 6182 6036 2762 9369 4133 5669 9512 1170 514 6755 8357 5252 2856 6857 6474 6738 2875 3947 8173 1794 7747 6390 4777 3442 1753 313 1488 8115 4461 5030 2184 3919 5169 147 1795 8967 763 8740 781 7358 1070 7217 765 8705 8965 4307 5160 1263 4998 3269 2356 5497 8003 4157 643 1432 4860 3809 3291 877 9099 5638 2267 6232 4154 3419 8047 3903 4750 9734 7313 7666 6126 3271 5230 4241 7795 8944 141 8258 2973 9078 3346 9558 9811 2350 4391 4746 2463 3416 5569 201 1020 2851 24 5741 4772 6930 2846 1004 8128 6793 808 5745 5125 772 7394 1361 4000 3555 7253 3734 1221 7661 2303 4471 8684 6638 9976 6926 2931 2936 4246 5790 4262 5658 1505 5318 5519 7670 9704 5422 4338 9140 5856 7140 1274 403 8174 5207 1702 3274 5065 5578 4647 1585 894 9513 1039 8392 6706 1852 1924 4763 5242 3046 1729 7360 6905 109 305 2744 7758 4474 2196 1397 1722 4826 6123 2293 9536 7588 3283 6075 6538 6893 9993 4813 8887 4004 445 7404 6199 6250 8390 2829 4305 8861 7584 2796 1130 4866 6020 329 2367 4174 9889 939 5534 9499 5056 4874 2014 7962 7591 4612 6371 1923 6118 8630 9576 9346 8332 2083 1183 452 3640 4689 1446 321 5793 363 8269 1608 6782 407 9476 6652 6367 5727 789 4889 6069 8783 5123 3333 9109 9606 3704 1859 3892 5813 170 9804 8286 7727 5109 8055 4871 6605 4639 7545 330 2020 4644 6992 5483 9452 6102 4177 9980 2859 1681 9202 9999 355 2239 443 4423 3667 5762 401 3472 2605 1768 7487 6275 10 7087 6532 3650 7417 8285 6662 9218 5657 853 7590 234 3364 1045 9657 6808 2104 4431 3575 3257 5322 5473 9668 5811 2208 7523 6243 4301 2328 294 8758 4236 4506 6368 9392 930 4294 1740 721 9207 6613 188 7884 2306 7765 3837 6655 5442 2079 30 9456 428 9898 826 5927 2486 4075 4169 6380 8098 9998 9089 5223 809 6981 7005 5175 3528 9242 3282 967 9471 227 7598 516 2043 5799 6979 9709 9722 4144 9688 4243 4911 494 3126 9729 4143 3194 7499 6908 6355 1541 4164 316 3522 6279 5203 1718 7062 4858 4703 4256 1066 6312 3013 3639 7181 6116 8382 758 5130 2537 7936 2230 5357 2254 9731 9599 4235 7002 9130 2432 4406 8574 1805 3829 4825 8454 4357 258 1774 1664 7372 267 3548 1542 3026 2845 817 4530 7422 131 8781 7973 178 1047 3632 1011 58 9438 8763 8474 7307 6995 462 6645 8724 4906 2034 2269 3388 7409 1841 4011 9808 991 9514 484 9812 3198 4565 2178 5250 7639 593 8950 1098 1605 9415 5352 1420 4812 7442 3258 9828 7983 2894 2784 6597 8366 9127 3592 8460 4316 3076 6273 1282 3907 168 3526 7236 9875 9978 116 4556 8701 980 7622 4625 8180 1977 3530 7663 9248 8667 5359 1691 7683 9842 9478 5073 1242 5809 7893 6259 5862 5384 7176 3420 887 7373 3774 4656 5757 1457 2951 4151 6989 3129 9883 4390 2639 6836 4840 7213 4544 2105 7857 8247 9858 4572 3116 4771 5764 8867 7693 9365 9901 3992 6899 6965 1251 2474 8313 648 3145 5548 6007 7687 537 5779 580 9406 9965 5086 3342 938 6357 4972 2693 6096 5356 2828 6316 1074 292 3688 2199 6505 6851 9701 5380 9235 9762 2320 9939 7490 6559 2978 6719 8129 1246 7604 8015 3577 4293 1100 7344 3014 8328 613 4083 5966 1556 1189 2478 7246 8469 9 1169 7531 4787 909 8955 4284 4068 3267 4334 9304 756 6176 11 6184 4031 1599 3185 9529 317 9559 9399 9714 832 3454 9987 272 7649 6305 6255 5033 858 862 92 864 7902 2792 7118 


